20 68
49
49
49
50
50
50
50
49
49
49
10
20
23
30
27
16
23
31
42
33
0 3 1
0 4 1
0 5 1
0 6 1
0 8 1
0 9 1
0 14 1
1 2 1
1 3 1
1 5 1
1 6 1
2 4 1
2 8 1
2 16 1
3 4 1
3 5 1
3 6 1
3 7 1
3 19 1
4 8 1
4 9 1
5 7 1
5 17 1
6 7 1
6 8 1
7 9 1
7 11 1
8 9 1
8 10 1
9 12 1
10 11 1
10 12 1
10 14 1
10 15 1
10 16 1
10 17 1
10 18 1
10 19 1
11 12 1
11 13 1
11 14 1
11 15 1
11 16 1
11 18 1
11 19 1
12 13 1
12 14 1
12 15 1
12 17 1
12 18 1
12 19 1
13 14 1
13 16 1
13 18 1
14 15 1
14 16 1
14 17 1
14 18 1
14 19 1
15 16 1
15 17 1
15 18 1
15 19 1
16 17 1
16 18 1
17 18 1
17 19 1
18 19 1
